Server started on port 8080
2021-11-28T09:57:42.851683  0:00:00.031299 GET     [200] /
2021-11-28T09:57:42.959788  0:00:00.000542 GET     [200] /flutter_service_worker.js?v=3660605864
2021-11-28T09:57:42.983139  0:00:00.000556 GET     [200] /
2021-11-28T09:57:42.984623  0:00:00.000468 GET     [200] /main.dart.js
2021-11-28T09:57:42.986512  0:00:00.000601 GET     [200] /index.html
2021-11-28T09:57:42.998304  0:00:00.000755 GET     [200] /assets/NOTICES
2021-11-28T09:57:43.002316  0:00:00.000658 GET     [200] /assets/AssetManifest.json
2021-11-28T09:57:43.012024  0:00:00.000596 GET     [200] /assets/FontManifest.json
2021-11-28T09:57:43.399479  0:00:00.002408 GET     [304] /flutter_service_worker.js?v=3660605864
2021-11-28T09:58:28.867531  0:00:00.000608 GET     [200] /
2021-11-28T09:58:28.995078  0:00:00.000536 GET     [200] /flutter_service_worker.js?v=3660605864
2021-11-28T09:58:29.013486  0:00:00.000489 GET     [200] /
2021-11-28T09:58:29.016242  0:00:00.000728 GET     [200] /main.dart.js
2021-11-28T09:58:29.017833  0:00:00.000504 GET     [200] /index.html
2021-11-28T09:58:29.031537  0:00:00.000529 GET     [200] /assets/NOTICES
2021-11-28T09:58:29.035006  0:00:00.001016 GET     [200] /assets/AssetManifest.json
2021-11-28T09:58:29.046171  0:00:00.000758 GET     [200] /assets/FontManifest.json
2021-11-28T09:58:29.466489  0:00:00.000568 GET     [304] /flutter_service_worker.js?v=3660605864
